ID	RAdeg	DECdeg	age	age_err16	age_err84	met	met_err16	met_err84	afe	afe_err16	afe_err84
133240	2.36248	150.16150	3.080	0.635	0.643	0.257	0.090	0.121	0.162	0.059	0.065
133783	2.36843	150.27902	1.904	0.081	0.073	0.333	0.030	0.055	0.142	0.028	0.027
134169	2.37240	150.29889	2.793	0.357	0.357	0.161	0.071	0.076	0.242	0.051	0.052
139772	2.43942	150.26686	3.047	0.120	0.138	0.120	0.021	0.025	0.227	0.025	0.028
205742	2.46064	150.08876	3.070	0.268	0.392	-0.009	0.039	0.058	0.036	0.026	0.034
206573	2.46977	150.26717	3.304	0.192	0.290	-0.016	0.025	0.017	0.280	0.027	0.028
207825	2.48870	150.29466	1.937	0.071	0.119	0.162	0.052	0.015	0.155	0.017	0.016
208622	2.50077	150.13893	3.677	0.760	0.994	-0.187	0.080	0.075	0.046	0.090	0.088
210210	2.51784	150.14812	3.052	0.114	0.155	0.017	0.020	0.014	0.219	0.018	0.018
94494	2.32862	150.38467	4.667	0.485	0.568	-0.237	0.037	0.033	0.283	0.041	0.045
131869	2.34680	150.23157	2.637	0.431	0.569	-0.129	0.080	0.102	0.037	0.061	0.075
133501	2.36306	150.20291	1.627	0.117	0.137	-0.156	0.150	0.107	-0.195	0.038	0.033
139662	2.44046	150.23232	2.494	0.316	0.398	0.371	0.064	0.068	0.246	0.042	0.041
208364	2.49771	150.18863	2.951	0.367	0.439	-0.061	0.050	0.084	0.195	0.056	0.057
210940	2.52810	150.17291	3.406	1.021	1.367	-0.050	0.111	0.188	0.160	0.107	0.119
107362	2.03834	150.12547	4.823	0.928	0.750	-0.102	0.051	0.067	0.235	0.064	0.058
108361	2.05336	150.28709	4.210	0.389	0.509	0.096	0.046	0.046	0.291	0.042	0.043
109352	2.06395	150.10892	3.931	0.624	0.535	-0.164	0.048	0.050	0.080	0.061	0.060
109713	2.06936	150.14252	4.216	0.496	0.465	-0.176	0.039	0.038	0.111	0.050	0.053
119474	2.19362	150.09239	4.054	0.149	0.327	0.105	0.033	0.025	0.225	0.025	0.028
119700	2.19896	150.25838	2.116	0.205	0.301	0.225	0.061	0.061	0.057	0.049	0.047
119802	2.19792	150.10361	3.231	0.404	0.496	-0.091	0.045	0.055	0.118	0.058	0.055
120308	2.20370	150.09563	3.272	0.410	0.479	-0.057	0.042	0.055	0.256	0.047	0.047
80755	2.11978	150.37038	2.136	0.204	0.267	0.189	0.040	0.053	0.192	0.042	0.040
107643	2.04409	150.18550	3.393	0.774	0.892	0.103	0.073	0.092	0.119	0.078	0.097
108989	2.05775	150.21844	4.028	0.563	0.642	0.067	0.071	0.066	0.060	0.045	0.047
116829	2.16226	150.19984	2.334	0.253	0.312	0.255	0.061	0.056	-0.063	0.039	0.042
117400	2.16850	150.24217	3.690	0.461	0.311	0.204	0.040	0.052	0.245	0.043	0.026
118552	2.18303	150.36835	2.159	0.120	0.112	0.464	0.032	0.035	0.241	0.023	0.023
123161	2.24001	150.20618	1.580	0.125	0.072	0.235	0.018	0.053	0.028	0.036	0.033
125149	2.26585	150.35936	3.917	0.518	0.552	-0.128	0.041	0.043	0.316	0.051	0.052
128311	2.30138	150.05669	3.184	0.279	0.334	0.201	0.038	0.041	0.118	0.026	0.030
135659	2.38980	149.99783	1.724	0.112	0.073	0.505	0.035	0.081	0.157	0.028	0.029
165871	2.28295	149.85403	1.729	0.144	0.093	0.237	0.033	0.080	0.111	0.038	0.039
171079	2.34408	149.89342	3.570	0.646	0.915	-0.122	0.072	0.067	0.085	0.082	0.081
174876	2.38643	149.89481	3.116	0.192	0.211	0.083	0.026	0.032	0.044	0.021	0.023
205715	2.45909	150.01210	3.042	0.133	0.143	0.153	0.023	0.026	0.187	0.031	0.028
211347	2.53310	150.03000	3.102	0.322	0.342	-0.100	0.037	0.044	0.061	0.046	0.049
211767	2.53637	150.05988	2.909	0.290	0.249	0.126	0.040	0.053	0.041	0.024	0.024
236682	2.47908	149.87180	3.256	0.199	0.254	0.097	0.028	0.025	0.179	0.030	0.032
238668	2.50562	149.88985	2.495	0.336	0.383	-0.181	0.062	0.078	0.117	0.048	0.063
239469	2.51314	149.88748	2.621	0.264	0.264	0.422	0.032	0.038	0.286	0.022	0.022
240174	2.52184	149.88983	3.203	0.430	0.470	0.141	0.053	0.065	0.066	0.038	0.046
133205	2.36121	149.92473	2.922	0.222	0.120	0.421	0.025	0.065	0.135	0.027	0.027
139384	2.43817	149.97243	2.428	0.251	0.167	0.155	0.041	0.042	0.120	0.028	0.031
168753	2.31567	149.76884	3.339	0.468	0.587	-0.186	0.056	0.058	0.119	0.074	0.071
169076	2.31827	149.78040	5.720	0.412	0.261	-0.036	0.016	0.024	0.169	0.025	0.024
204775	2.45092	149.99117	2.104	0.341	0.464	-0.057	0.111	0.162	0.091	0.076	0.076
207397	2.48306	149.95123	4.967	0.559	0.623	-0.040	0.039	0.044	0.076	0.038	0.040
207735	2.48567	149.94524	5.222	0.167	0.129	0.111	0.012	0.013	0.199	0.026	0.022
209040	2.50459	149.90985	4.757	0.739	0.487	0.105	0.036	0.062	0.199	0.034	0.039
209322	2.50924	149.92003	3.851	0.600	0.753	0.035	0.067	0.058	0.108	0.062	0.065
209821	2.51219	149.91322	3.141	0.079	0.156	0.101	0.026	0.016	0.056	0.016	0.018
211401	2.53274	149.92973	3.770	0.249	0.158	-0.095	0.015	0.020	0.174	0.021	0.020
211736	2.53631	149.94482	3.902	0.545	0.650	-0.038	0.053	0.049	0.099	0.046	0.050
237437	2.48906	149.79221	5.394	0.693	0.693	-0.064	0.040	0.047	0.207	0.045	0.044
109259	2.06345	149.99866	3.640	0.426	0.606	-0.158	0.054	0.044	0.338	0.052	0.059
122025	2.22598	150.06033	1.754	0.157	0.173	0.143	0.087	0.088	0.059	0.056	0.054
124233	2.25436	149.99347	2.879	0.511	0.447	0.248	0.074	0.083	0.215	0.055	0.067
147270	2.06263	149.87502	2.390	0.185	0.365	0.038	0.101	0.044	0.146	0.043	0.044
107960	2.04729	149.92146	3.081	0.167	0.219	0.149	0.029	0.032	0.209	0.035	0.036
111975	2.09856	149.94205	3.986	0.331	0.281	0.099	0.029	0.041	0.287	0.026	0.022
112827	2.11010	149.95554	2.644	0.194	0.141	-0.064	0.028	0.057	0.234	0.025	0.027
117992	2.17315	149.94199	6.094	0.688	0.665	-0.050	0.026	0.036	0.389	0.036	0.036
120781	2.21128	149.98331	1.776	0.092	0.167	0.416	0.109	0.071	0.078	0.033	0.035
123261	2.23961	149.95999	4.616	0.274	0.288	0.117	0.028	0.029	0.244	0.035	0.037
125017	2.26366	149.99098	3.245	0.751	0.850	-0.189	0.083	0.115	0.079	0.094	0.099
147539	2.06604	149.77592	3.884	0.593	0.534	-0.032	0.045	0.058	0.166	0.045	0.046
150848	2.10496	149.75427	2.402	0.213	0.207	0.221	0.039	0.036	0.118	0.020	0.024
156118	2.16883	149.74960	3.020	0.563	0.622	0.151	0.079	0.100	0.352	0.071	0.083
158934	2.20123	149.76077	1.743	0.124	0.097	0.236	0.049	0.063	0.202	0.036	0.033
160400	2.21777	149.80028	5.861	0.319	0.322	0.023	0.017	0.024	0.281	0.027	0.026
162149	2.23915	149.78271	2.793	0.158	0.253	-0.037	0.045	0.034	0.078	0.027	0.033
163989	2.26223	149.79163	1.716	0.126	0.133	0.325	0.059	0.075	0.171	0.043	0.042
212391	2.54607	150.09900	3.628	0.799	0.760	-0.072	0.064	0.082	-0.052	0.063	0.066
214324	2.56851	150.29745	4.438	0.638	0.719	-0.177	0.047	0.051	0.259	0.052	0.051
214899	2.57635	150.12494	2.927	0.530	0.475	0.163	0.066	0.097	0.324	0.046	0.063
215424	2.58079	150.26907	2.773	0.451	0.676	-0.022	0.085	0.120	0.065	0.054	0.070
218701	2.62117	150.09605	1.915	0.173	0.335	0.022	0.108	0.087	0.095	0.052	0.050
219831	2.63186	150.27402	2.150	0.320	0.267	-0.158	0.065	0.154	0.101	0.072	0.069
225431	2.69926	150.11839	2.892	0.385	0.374	0.124	0.064	0.094	0.243	0.054	0.053
227965	2.72931	150.10118	2.285	0.147	0.154	0.188	0.032	0.033	-0.003	0.021	0.021
231276	2.77440	150.34109	3.939	0.174	0.144	0.097	0.023	0.025	0.238	0.024	0.019
231544	2.78029	150.34309	2.385	0.318	0.328	0.131	0.084	0.059	0.094	0.046	0.052
192617	2.62660	150.37576	2.340	0.253	0.296	0.195	0.058	0.039	0.130	0.034	0.036
213772	2.55900	150.18622	3.688	0.303	0.351	0.142	0.040	0.034	0.119	0.031	0.042
225441	2.69971	150.18910	1.209	0.129	0.132	0.109	0.065	0.045	0.076	0.033	0.034
227516	2.72140	150.21935	4.349	0.421	0.472	0.016	0.037	0.037	0.269	0.086	0.089
228215	2.73177	150.22925	5.053	0.506	0.241	0.063	0.022	0.038	0.226	0.032	0.030
228380	2.73459	150.22466	5.426	0.568	0.670	-0.219	0.033	0.037	0.248	0.040	0.040
213004	2.55203	150.02788	3.004	0.158	0.142	0.207	0.020	0.030	0.165	0.020	0.027
213141	2.55571	150.00031	2.510	0.476	0.581	0.134	0.128	0.091	0.169	0.079	0.087
215585	2.58045	150.05196	2.800	0.303	0.340	0.188	0.051	0.050	0.057	0.021	0.020
216353	2.59202	149.99821	2.919	0.246	0.336	0.108	0.044	0.042	-0.070	0.036	0.037
217260	2.60288	150.04343	3.513	0.613	0.624	0.010	0.049	0.068	-0.142	0.057	0.060
219324	2.62822	150.07722	2.889	0.286	0.350	0.076	0.051	0.054	-0.119	0.037	0.039
221163	2.64722	150.06154	4.680	0.641	0.715	-0.134	0.053	0.050	-0.127	0.043	0.045
226721	2.71405	150.01112	2.473	0.280	0.222	0.152	0.050	0.049	0.117	0.029	0.034
229551	2.75023	150.04935	4.073	0.161	0.151	-0.154	0.015	0.021	0.141	0.029	0.033
229591	2.75349	149.99374	2.497	0.384	0.464	0.192	0.082	0.076	-0.032	0.054	0.051
232962	2.79422	150.04489	5.570	0.675	0.854	-0.223	0.047	0.045	-0.024	0.057	0.051
244738	2.57447	149.88196	4.420	0.688	0.668	-0.099	0.042	0.059	-0.026	0.048	0.048
245252	2.57799	149.87791	3.079	0.161	0.170	0.084	0.020	0.028	0.066	0.018	0.020
247826	2.61729	149.89932	5.256	0.987	1.035	0.156	0.064	0.081	0.416	0.068	0.054
248829	2.62999	149.85596	2.402	0.302	0.384	-0.172	0.062	0.074	0.091	0.057	0.065
259363	2.76578	149.89336	3.106	0.183	0.237	0.082	0.035	0.037	0.191	0.044	0.044
91529	2.28218	150.49440	1.318	0.059	0.061	0.107	0.025	0.012	0.243	0.021	0.024
92258	2.29360	150.64722	4.605	0.834	0.710	-0.123	0.047	0.060	0.255	0.057	0.048
92979	2.30597	150.70879	4.256	0.492	0.517	0.032	0.044	0.052	0.096	0.047	0.046
94982	2.33336	150.63631	3.739	0.272	0.625	-0.138	0.052	0.025	-0.148	0.040	0.048
95303	2.33918	150.45276	2.570	0.323	0.324	-0.044	0.065	0.087	0.092	0.043	0.049
95323	2.34135	150.64320	2.237	0.278	0.511	0.331	0.082	0.080	0.163	0.054	0.058
97931	2.37928	150.66483	2.660	0.186	0.149	0.217	0.048	0.023	0.209	0.020	0.022
180774	2.45531	150.49973	2.887	0.411	0.497	-0.036	0.061	0.106	0.203	0.059	0.060
181945	2.46960	150.49603	1.904	0.053	0.054	0.110	0.011	0.010	0.236	0.018	0.014
183927	2.50037	150.61508	3.423	0.777	0.825	-0.092	0.067	0.114	0.080	0.071	0.075
185653	2.52242	150.45287	3.109	0.297	0.520	-0.014	0.046	0.043	-0.062	0.054	0.064
213449	2.55552	149.97467	2.777	0.159	0.104	0.175	0.027	0.033	0.169	0.022	0.028
215449	2.58122	149.98245	2.225	0.062	0.082	0.404	0.011	0.011	0.306	0.007	0.009
215951	2.58780	149.98904	2.988	0.121	0.168	-0.004	0.018	0.037	0.079	0.024	0.024
216897	2.59917	149.92725	1.801	0.081	0.116	0.307	0.082	0.016	-0.009	0.017	0.019
219726	2.63265	149.94386	3.286	0.523	0.493	0.202	0.082	0.089	0.126	0.057	0.061
230747	2.76922	149.91354	1.804	0.143	0.199	0.218	0.094	0.074	0.071	0.054	0.057
231554	2.78086	149.90155	2.465	0.368	0.810	0.362	0.117	0.083	0.315	0.068	0.075
243871	2.56753	149.75658	3.710	0.505	0.575	-0.104	0.049	0.045	0.001	0.045	0.066
246149	2.59288	149.81857	4.818	0.508	0.699	-0.076	0.043	0.038	-0.039	0.037	0.040
26438	1.76691	150.27818	2.797	0.257	0.396	-0.182	0.054	0.040	0.074	0.035	0.058
31835	1.84161	150.10934	2.372	0.262	0.323	0.303	0.059	0.046	0.061	0.030	0.031
37322	1.91871	150.26256	2.066	0.250	0.368	-0.153	0.091	0.144	0.114	0.078	0.081
37723	1.92339	150.13266	2.812	0.228	0.279	-0.039	0.043	0.056	0.283	0.049	0.051
38648	1.93503	150.12111	1.454	0.052	0.053	0.163	0.022	0.014	0.006	0.022	0.019
74563	2.02363	150.66780	2.909	0.133	0.113	-0.028	0.021	0.027	0.281	0.030	0.030
74882	2.02835	150.69608	3.508	0.409	0.533	-0.081	0.045	0.040	0.231	0.045	0.047
75008	2.03201	150.63889	1.552	0.120	0.086	0.237	0.021	0.054	0.044	0.023	0.025
77632	2.06852	150.45334	2.968	0.132	0.146	0.023	0.025	0.032	0.251	0.028	0.028
77662	2.07185	150.61674	2.922	0.236	0.317	-0.096	0.039	0.041	0.036	0.044	0.051
77745	2.07213	150.45413	2.926	0.439	0.214	0.426	0.032	0.070	0.236	0.021	0.022
86122	2.20054	150.65790	3.956	0.496	0.362	0.089	0.039	0.044	0.089	0.052	0.052
86907	2.21051	150.45659	2.420	0.174	0.275	0.009	0.078	0.053	0.119	0.028	0.024
88032	2.22835	150.45322	1.770	0.061	0.067	0.555	0.077	0.034	0.324	0.031	0.028
